  4.0000000e+002  2.5924356e-001
  4.0100000e+002  2.1740102e-001
  4.0200000e+002  1.9784697e-001
  4.0300000e+002  2.0238888e-001
  4.0400000e+002  2.1169631e-001
  4.0500000e+002  1.9673414e-001
  4.0600000e+002  2.0083220e-001
  4.0700000e+002  1.9372822e-001
  4.0800000e+002  2.1017618e-001
  4.0900000e+002  2.1904358e-001
  4.1000000e+002  2.0708208e-001
  4.1100000e+002  1.9861741e-001
  4.1200000e+002  1.7695273e-001
  4.1300000e+002  1.9250160e-001
  4.1400000e+002  1.8103790e-001
  4.1500000e+002  2.0222722e-001
  4.1600000e+002  2.1308602e-001
  4.1700000e+002  1.9085619e-001
  4.1800000e+002  2.1330494e-001
  4.1900000e+002  1.8206876e-001
  4.2000000e+002  1.8875136e-001
  4.2100000e+002  1.8833574e-001
  4.2200000e+002  2.0151843e-001
  4.2300000e+002  2.0429294e-001
  4.2400000e+002  1.9376010e-001
  4.2500000e+002  1.9592674e-001
  4.2600000e+002  2.1157287e-001
  4.2700000e+002  2.2894880e-001
  4.2800000e+002  2.1255155e-001
  4.2900000e+002  2.2906257e-001
  4.3000000e+002  2.5607816e-001
  4.3100000e+002  2.5830721e-001
  4.3200000e+002  2.3940900e-001
  4.3300000e+002  2.7272041e-001
  4.3400000e+002  2.9827031e-001
  4.3500000e+002  2.9340882e-001
  4.3600000e+002  3.1883113e-001
  4.3700000e+002  3.2148654e-001
  4.3800000e+002  3.5168253e-001
  4.3900000e+002  3.6310678e-001
  4.4000000e+002  3.7275557e-001
  4.4100000e+002  3.8294036e-001
  4.4200000e+002  4.1617737e-001
  4.4300000e+002  4.2536367e-001
  4.4400000e+002  4.3886863e-001
  4.4500000e+002  4.5274376e-001
  4.4600000e+002  4.9832288e-001
  4.4700000e+002  5.0644092e-001
  4.4800000e+002  5.4055858e-001
  4.4900000e+002  5.3523463e-001
  4.5000000e+002  5.5503378e-001
  4.5100000e+002  6.2239625e-001
  4.5200000e+002  6.8298212e-001
  4.5300000e+002  7.3504360e-001
  4.5400000e+002  7.1854101e-001
  4.5500000e+002  7.8158231e-001
  4.5600000e+002  8.5855082e-001
  4.5700000e+002  9.1295454e-001
  4.5800000e+002  9.5387935e-001
  4.5900000e+002  1.0182211e+000
  4.6000000e+002  9.9183694e-001
  4.6100000e+002  1.0997754e+000
  4.6200000e+002  1.1012673e+000
  4.6300000e+002  1.1331740e+000
  4.6400000e+002  1.2575129e+000
  4.6500000e+002  1.3810457e+000
  4.6600000e+002  1.4544160e+000
  4.6700000e+002  1.5369161e+000
  4.6800000e+002  1.6802990e+000
  4.6900000e+002  1.7667323e+000
  4.7000000e+002  1.8758650e+000
  4.7100000e+002  2.0225937e+000
  4.7200000e+002  2.1464891e+000
  4.7300000e+002  2.3564891e+000
  4.7400000e+002  2.4177711e+000
  4.7500000e+002  2.6423024e+000
  4.7600000e+002  2.8746931e+000
  4.7700000e+002  3.0500367e+000
  4.7800000e+002  3.1562951e+000
  4.7900000e+002  3.3664668e+000
  4.8000000e+002  3.7583895e+000
  4.8100000e+002  4.2100237e+000
  4.8200000e+002  4.3894220e+000
  4.8300000e+002  4.4874112e+000
  4.8400000e+002  4.4815427e+000
  4.8500000e+002  4.6784024e+000
  4.8600000e+002  4.6416694e+000
  4.8700000e+002  4.7163252e+000
  4.8800000e+002  5.1564605e+000
  4.8900000e+002  5.2684976e+000
  4.9000000e+002  5.5741025e+000
  4.9100000e+002  5.8199118e+000
  4.9200000e+002  5.9476178e+000
  4.9300000e+002  6.2872250e+000
  4.9400000e+002  6.6637540e+000
  4.9500000e+002  6.9786376e+000
  4.9600000e+002  7.6977415e+000
  4.9700000e+002  8.2599936e+000
  4.9800000e+002  8.5850141e+000
  4.9900000e+002  9.0137604e+000
  5.0000000e+002  9.5199498e+000
  5.0100000e+002  1.0201583e+001
  5.0200000e+002  1.1131166e+001
  5.0300000e+002  1.1993197e+001
  5.0400000e+002  1.2628745e+001
  5.0500000e+002  1.3632417e+001
  5.0600000e+002  1.4550069e+001
  5.0700000e+002  1.5574963e+001
  5.0800000e+002  1.6842184e+001
  5.0900000e+002  1.7416148e+001
  5.1000000e+002  1.8157790e+001
  5.1100000e+002  1.9202576e+001
  5.1200000e+002  1.9919160e+001
  5.1300000e+002  2.1175020e+001
  5.1400000e+002  2.1726188e+001
  5.1500000e+002  2.3272875e+001
  5.1600000e+002  2.4571672e+001
  5.1700000e+002  2.5476714e+001
  5.1800000e+002  2.6551305e+001
  5.1900000e+002  2.6425769e+001
  5.2000000e+002  2.6431185e+001
  5.2100000e+002  2.7516347e+001
  5.2200000e+002  2.8068977e+001
  5.2300000e+002  3.0304103e+001
  5.2400000e+002  3.1856773e+001
  5.2500000e+002  3.3257110e+001
  5.2600000e+002  3.4705681e+001
  5.2700000e+002  3.5227802e+001
  5.2800000e+002  3.4805661e+001
  5.2900000e+002  3.4489870e+001
  5.3000000e+002  3.4761585e+001
  5.3100000e+002  3.5206184e+001
  5.3200000e+002  3.6185111e+001
  5.3300000e+002  3.7632436e+001
  5.3400000e+002  3.9603477e+001
  5.3500000e+002  4.1635742e+001
  5.3600000e+002  4.2293961e+001
  5.3700000e+002  4.4898988e+001
  5.3800000e+002  4.8452883e+001
  5.3900000e+002  5.3133164e+001
  5.4000000e+002  5.6360101e+001
  5.4100000e+002  5.9188807e+001
  5.4200000e+002  6.0423739e+001
  5.4300000e+002  6.0604691e+001
  5.4400000e+002  6.2485386e+001
  5.4500000e+002  6.5299900e+001
  5.4600000e+002  6.9826290e+001
  5.4700000e+002  7.2767249e+001
  5.4800000e+002  7.6418911e+001
  5.4900000e+002  7.9399267e+001
  5.5000000e+002  8.3503030e+001
  5.5100000e+002  8.9727710e+001
  5.5200000e+002  9.3405042e+001
  5.5300000e+002  9.6222457e+001
  5.5400000e+002  9.8292193e+001
  5.5500000e+002  9.7447814e+001
  5.5600000e+002  9.8790875e+001
  5.5700000e+002  9.7566105e+001
  5.5800000e+002  9.9998697e+001
  5.5900000e+002  9.8475712e+001
  5.6000000e+002  9.6150644e+001
  5.6100000e+002  9.2441822e+001
  5.6200000e+002  9.0966990e+001
  5.6300000e+002  8.5165316e+001
  5.6400000e+002  8.2267081e+001
  5.6500000e+002  7.5892277e+001
  5.6600000e+002  7.2125152e+001
  5.6700000e+002  6.5850350e+001
  5.6800000e+002  6.0812757e+001
  5.6900000e+002  5.4760625e+001
  5.7000000e+002  5.0742613e+001
  5.7100000e+002  4.5546144e+001
  5.7200000e+002  4.1553149e+001
  5.7300000e+002  3.8507360e+001
  5.7400000e+002  3.4993903e+001
  5.7500000e+002  3.0629278e+001
  5.7600000e+002  2.7345312e+001
  5.7700000e+002  2.4480804e+001
  5.7800000e+002  2.2799646e+001
  5.7900000e+002  1.9771347e+001
  5.8000000e+002  1.7803376e+001
  5.8100000e+002  1.5824362e+001
  5.8200000e+002  1.3706511e+001
  5.8300000e+002  1.2879851e+001
  5.8400000e+002  1.1296043e+001
  5.8500000e+002  1.0536721e+001
  5.8600000e+002  8.9056252e+000
  5.8700000e+002  8.2509173e+000
  5.8800000e+002  7.2842820e+000
  5.8900000e+002  6.7165760e+000
  5.9000000e+002  5.4610563e+000
  5.9100000e+002  4.9261819e+000
  5.9200000e+002  4.7155910e+000
  5.9300000e+002  3.8717763e+000
  5.9400000e+002  3.6691655e+000
  5.9500000e+002  3.0929216e+000
  5.9600000e+002  3.0892600e+000
  5.9700000e+002  2.7148708e+000
  5.9800000e+002  2.3723091e+000
  5.9900000e+002  1.9846346e+000
  6.0000000e+002  1.7855961e+000
  6.0100000e+002  1.7881810e+000
  6.0200000e+002  1.5414481e+000
  6.0300000e+002  1.3729179e+000
  6.0400000e+002  1.4367404e+000
  6.0500000e+002  1.1086297e+000
  6.0600000e+002  1.0658290e+000
  6.0700000e+002  8.2597657e-001
  6.0800000e+002  8.8669455e-001
  6.0900000e+002  9.1521293e-001
  6.1000000e+002  7.8972131e-001
